1.530
0.110
1.860
0.300
0.000
0.000
0.040
0.005
0.010
0.820
0.150
0.070
6.700
2.910
5.150
0.280
0.020
0.030
0.005
0.000
1.230
0.160
0.100
1.270
0.070
0.000
6.990
1.660
0.120
0.000
0.005
0.000
0.000
0.560
0.350
0.030
2.010
9.160
0.330
0.350
0.050
0.580
0.005
0.005
0.030
0.005
3.000
1.660
10.350
7.040
0.580
0.470
0.430
0.090
0.010
0.000
0.000
0.310
0.200
3.730
5.420
5.090
0.600
0.810
0.880
0.005
0.000
0.000
0.005
0.000
1.350
2.520
13.300
1.820
0.900
0.005
0.030
0.000
0.000
0.005
0.770
2.710
0.090
3.670
2.680
4.490
0.180
0.460
0.210
0.000
0.005
0.005
0.005
0.000
0.360
0.070
0.500
6.140
6.210
0.150
0.400
0.030
0.090
0.030
0.550
0.005
1.850
1.540
0.960
1.020
2.180
0.170
0.190
0.000
0.000
0.005
1.290
0.560
0.460
1.990
0.500
2.370
4.250
1.000
0.100
0.005
0.005
0.000
0.040
0.760
1.150
1.010
3.280
0.860
2.750
0.280
3.570
0.010
0.005
0.005
0.620
0.590
0.050
7.900
4.640
3.470
1.640
0.100
0.650
0.005
0.005
0.000
0.000
0.240
1.440
3.090
1.760
0.750
0.320
1.970
0.000
0.020
0.005
0.005
0.550
0.040
0.040
0.800
0.360
0.030
3.420
1.430
0.000
0.000
0.000
0.000
0.005
0.630
1.140
1.100
0.200
0.530
1.560
1.900
0.320
1.120
0.005
0.000
0.000
0.740
0.680
2.450
1.090
9.030
2.070
0.700
0.005
0.005
0.005
0.005
0.005
2.040
0.610
3.090
0.020
1.430
1.990
0.290
0.290
0.010
0.000
0.005
0.000
0.290
1.670
2.700
1.200
2.150
2.510
1.990
0.005
0.150
0.000
0.000
0.320
0.005
0.000
0.000
6.550
0.450
3.990
0.150
1.040
0.005
0.000
0.000
0.010
0.100
1.710
0.000
3.900
3.250
0.005
3.020
0.520
0.020
0.000
0.020
0.240
0.060
1.950
5.950
2.940
5.330
0.010
0.300
0.020
0.130
0.005
0.000
0.140
0.080
0.000
1.770
8.460
0.000
0.150
0.560
0.210
0.470
0.005
0.010
0.000
0.340
0.040
8.480
3.220
2.040
0.010
0.005
0.000
0.410
0.005
0.010
0.130
2.310
2.790
3.750
2.910
2.230
4.310
3.190
0.030
0.005
0.005
0.110
0.005
0.050
1.240
0.420
0.510
7.250
1.340
0.950
0.000
0.200
0.010
0.020
0.030
1.250
0.050
6.630
1.990
7.870
4.040
0.240
0.280
0.000
0.000
0.000
0.000
0.010
0.000
3.540
2.960
1.130
1.440
0.240
0.020
0.005
0.005
0.010
5.670
0.130
0.080
0.380
4.330
5.430
1.550
1.360
0.020
0.005
0.005
0.000
0.010
1.470
0.340
5.500
0.590
1.050
1.260
2.440
0.005
0.005
0.000
0.230
0.005
0.580
1.240
1.010
7.980
3.070
4.550
0.500
0.005
0.010
0.005
0.000
0.005
0.180
0.050
6.230
0.960
8.650
2.470
0.600
0.020
0.050
0.005
0.005
0.010
0.050
3.720
0.900
0.040
3.340
3.430
0.080
0.005
0.010
0.005
0.040
0.005
0.560
0.230
5.050
0.110
1.520
3.660
0.920
0.040
0.005
0.005
0.000
0.020
0.920
6.040
3.470
0.380
0.860
0.790
0.005
0.110
0.020
0.000
0.010
0.090
0.140
0.060
1.620
0.005
1.290
3.070
0.780
0.005
0.160
0.005
0.005
0.005
0.090
0.005
2.200
2.430
1.410
1.400
0.005
0.460
0.005
0.005
0.010
0.010
0.010
2.180
2.720
1.910
1.670
0.870
0.560
0.005
0.005
0.010
0.000
0.380
0.240
1.050
0.030
2.800
1.480
0.440
1.540
0.240
0.005
0.005
0.150
0.000
0.590
1.290
5.800
10.030
0.630
6.140
1.580
0.005
0.005
0.005
0.005
0.130
0.000
3.130
3.310
1.080
0.330
0.480
0.910
0.030
0.060
0.000
0.000
0.005
0.005
1.110
0.080
4.600
2.980
2.990
0.130
0.020
0.080
0.005
0.005
0.005
0.005
2.030
0.860
4.300
0.680
0.560
2.070
1.430
0.010
0.005
0.050
0.005
0.005
1.680
1.110
8.390
0.590
0.005
3.720
0.460
0.005
0.000
0.005
0.000
0.120
0.000
0.340
4.410
1.470
1.020
1.470
0.630
0.080
0.005
0.005
0.000
1.510
0.510
2.140
2.080
6.460
5.300
3.090
0.040
0.000
0.005
0.390
0.070
0.060
0.005
0.005
1.240
3.320
0.000
0.500
0.005
0.005
0.005
0.005
0.010
0.005
0.070
1.090
2.940
2.260
0.310
1.450
0.050
0.005
0.000
0.000
0.005
0.010
2.400
0.150
1.280
0.150
0.570
0.290
0.005
0.005
0.005
0.030
0.050
0.005
2.020
1.440
2.560
11.570
1.100
0.005
0.020
0.005
0.000
0.000
0.000
0.120
0.005
0.005
0.520
2.880
2.780
1.940
0.005
0.140
0.000
0.020
1.310
0.570
2.150
0.005
1.430
0.005
1.790
0.330
0.010
0.320
0.005
0.000
0.000
0.330
1.720
2.050
0.840
0.230
2.490
6.020
0.000
0.010
0.005
0.010
1.800
0.000
9.680
5.730
0.960
1.510
0.530
0.000
0.220
0.000
0.005
0.005
0.300
0.060
4.070
5.260
5.930
0.110
2.500
4.170
0.010
0.000
0.000
0.005
1.020
0.000
8.670
1.660
0.900
0.490
3.340
0.490
0.000
0.010
0.010
0.110
0.030
0.550
0.370
1.280
14.940
8.030
1.490
0.630
0.030
0.005
0.030
0.000
0.005
0.000
1.110
0.060
1.590
2.580
2.360
0.000
0.000
0.040
0.000
0.000
0.000
0.000
5.050
4.920
0.430
0.670
0.530
0.500
0.220
0.000
0.005
0.000
0.005
0.040
0.300
6.570
0.000
0.130
0.005
0.030
0.030
0.070
0.000
0.350
0.020
0.290
3.260
2.360
4.390
7.890
2.700
0.000
0.005
0.000
0.000
0.000
0.000
0.120
1.680
0.670
8.350
0.140
3.780
0.100
0.080
0.000
0.000
0.000
0.000
0.580
0.070
3.590
0.120
3.540
4.830
1.530
0.090
0.000
0.000
0.000
0.000
0.270
0.000
0.320
0.000
3.710
1.810
0.840
0.050
0.220
0.000
0.080
2.820
0.240
0.490
0.750
2.840
0.170
1.890
0.000
3.030
0.000
0.000
2.260
0.000
0.000
0.080
4.700
7.700
8.910
8.020
1.770
0.000
0.000
0.000
0.000
0.390
0.050
2.280
1.450
6.590
3.060
5.850
0.000
0.000
0.000
0.000
0.010
0.005
0.770
0.210
0.510
7.500
12.750
4.790
0.310
0.130
0.000
0.000
0.000
0.000
0.000
0.000
0.850
2.020
1.480
4.100
0.530
0.000
0.000
0.000
0.000
0.020
0.490
1.800
0.480
2.170
0.700
3.540
1.390
0.120
0.000
0.000
0.000
0.840
0.190
4.410
1.050
6.490
4.370
8.370
5.160
0.360
0.010
0.000
0.790
1.990
0.750
2.520
3.230
0.170
0.000
0.280
0.690
0.000
0.010
0.000
0.400
0.230
0.150
1.440
5.530
0.710
2.840
1.290
0.000
0.230
0.000
0.000
0.000
0.190
0.420
2.910
0.330
2.190
6.100
5.270
0.450
0.000
0.000
0.180
0.000
1.970
0.530
0.940
0.370
1.390
1.220
0.950
0.060
0.000
0.050
0.010
0.000
0.090
2.370
1.130
1.840
1.650
1.720
0.260
3.410
0.000
0.000
0.000
0.050
0.040
0.000
0.700
3.800
0.730
1.900
0.810
0.000
0.050
0.000
0.000
0.000
0.350
0.430
0.290
0.000
1.240
3.120
0.170
0.580
1.170
0.000
0.000
0.020
0.000
0.000
0.190
0.000
1.170
4.130
5.920
0.030
0.000
0.010
0.130
0.000
0.090
0.370
0.000
3.220
1.740
7.960
7.120
0.330
0.040
0.000
0.080
0.000
0.000
0.700
0.000
4.680
11.770
6.610
2.740
0.000
0.020
0.760
0.000
0.000
0.000
0.160
0.660
0.780
0.330
3.210
1.860
0.830
0.280
0.000
0.000
0.000
0.000
0.190
0.610
1.350
12.560
1.300
6.980
0.580
0.180
0.600
0.020
0.000
0.000
0.000
0.090
1.340
3.160
4.940
2.160
0.710
0.040
0.000
0.000
0.000
0.000
1.060
1.590
4.090
5.580
0.080
0.000
0.000
0.000
0.000
0.000
0.000
0.450
0.000
2.060
2.520
4.120
13.680
4.060
0.970
3.100
0.050
0.000
0.000
0.010
0.000
1.320
0.540
1.850
0.560
1.240
2.570
0.020
0.980
0.005
0.000
0.005
0.000
0.440
0.400
0.880
5.540
2.820
1.490
0.005
0.000
0.000
0.070
0.150
0.980
0.005
0.005
5.590
8.870
1.170
1.110
0.000
0.005
0.005
0.000
0.000
0.060
1.420
1.380
0.800
0.290
0.320
0.090
0.050
0.010
0.000
0.005
0.005
0.050
2.430
3.310
0.005
4.640
4.320
0.710
1.020
0.010
0.005
0.005
0.000
0.530
0.790
1.350
0.470
4.890
1.170
0.040
0.000
0.000
0.005
0.000
0.005
4.560
0.200
8.770
9.320
11.020
2.140
1.050
0.190
0.005
0.005
0.000
0.290
1.350
0.220
1.030
2.060
2.370
2.870
2.150
0.850
0.005
0.005
0.000
0.005
0.340
0.160
0.810
0.190
0.920
0.050
0.740
0.000
0.000
0.005
0.005
0.520
0.950
0.560
1.730
7.970
1.640
0.010
0.040
0.110
0.000
0.000
0.000
0.005
0.020
1.850
2.790
0.340
3.570
0.330
0.030
0.005
0.150
0.000
0.000
0.000
2.070
0.010
2.890
4.940
4.270
0.480
1.650
0.050
0.000
0.005
0.000
0.005
0.940
0.530
10.230
0.790
3.290
3.960
0.005
0.450
0.010
0.000
0.000
0.005
1.170
1.580
1.010
1.300
0.160
1.750
1.710
0.010
0.000
0.010
0.000
0.005
0.020
1.030
2.160
