1.200
0.490
1.130
1.130
1.220
0.930
0.900
0.500
3.620
0.510
0.220
0.030
0.130
0.500
2.130
0.410
1.240
1.040
1.150
1.370
0.820
0.870
1.510
2.210
0.400
0.510
0.005
0.170
0.750
0.600
0.950
0.610
0.310
1.560
0.190
0.580
0.470
1.320
0.220
1.770
1.030
0.670
0.240
0.870
2.710
0.610
1.770
0.530
0.370
0.710
2.170
0.340
1.620
0.610
0.480
1.690
2.430
0.620
3.290
1.150
1.610
2.610
0.590
0.020
1.970
0.740
0.090
0.530
1.020
0.760
0.070
3.070
2.260
1.420
1.930
0.500
0.640
0.540
0.420
0.000
0.620
0.730
0.960
0.550
0.340
2.810
0.710
0.030
1.650
1.210
1.380
0.510
0.300
1.710
0.340
0.660
2.090
1.240
0.310
0.070
