4.600
3.360
3.500
1.360
1.590
0.980
1.360
1.200
4.270
2.120
5.750
2.520
4.920
4.450
3.520
1.460
0.630
1.370
0.400
0.490
0.980
1.970
5.170
4.100
2.950
1.690
1.800
0.580
3.010
1.560
0.560
1.130
5.730
3.230
1.300
3.120
2.870
3.100
1.050
0.750
4.270
1.350
0.230
1.130
3.590
4.800
5.620
5.340
2.290
5.040
1.580
2.220
0.300
0.790
0.950
1.220
1.910
0.790
4.460
4.900
3.810
3.670
3.570
1.060
1.700
0.800
0.550
0.930
0.160
3.310
2.620
3.180
3.180
3.160
2.210
0.670
1.350
0.650
2.030
0.900
1.590
2.480
9.450
2.470
5.470
3.740
2.540
1.930
1.500
1.310
0.005
0.500
1.160
4.960
5.720
6.950
4.050
2.740
1.400
2.090
2.350
1.730
1.280
3.620
1.140
3.380
5.170
5.050
6.060
2.250
1.690
1.950
1.750
2.580
0.590
0.510
1.990
5.280
2.820
1.460
5.170
2.520
1.440
2.440
0.350
3.860
0.030
0.220
4.510
2.040
6.350
1.290
3.340
1.790
2.760
1.190
1.190
0.530
0.910
0.030
0.710
4.470
5.810
5.430
2.610
4.860
6.090
1.890
1.060
0.860
2.160
0.130
0.990
1.510
2.530
4.190
4.620
2.090
2.500
3.720
1.050
3.520
0.290
0.500
1.310
1.330
3.080
13.880
4.860
3.040
2.400
0.570
0.630
0.250
1.490
2.130
0.270
4.110
3.830
5.640
5.240
3.050
3.330
3.120
1.570
0.620
0.420
0.410
1.880
1.190
4.630
3.450
6.190
0.660
3.110
2.800
1.160
2.120
0.550
1.240
3.730
5.580
3.600
5.180
4.590
3.310
1.530
1.630
1.890
1.870
0.120
1.040
3.140
4.580
6.250
4.470
1.910
1.680
2.380
2.020
1.170
0.020
0.000
1.150
2.600
3.340
1.880
5.700
5.760
1.890
2.560
1.250
2.900
0.950
1.050
1.370
1.690
2.140
2.520
7.190
2.560
5.480
1.030
1.970
0.120
0.760
0.650
0.820
1.290
2.140
4.150
6.890
4.590
2.550
2.660
2.440
0.940
0.110
0.630
0.870
0.810
1.810
2.460
5.270
3.320
3.070
0.820
1.110
2.770
0.260
0.005
1.510
1.170
2.910
3.190
4.390
3.210
2.120
2.330
1.250
0.970
0.680
0.520
2.210
2.180
4.010
5.530
3.670
4.190
0.870
2.360
2.210
0.100
0.950
0.380
0.400
0.840
4.210
1.770
2.350
1.110
0.850
2.570
0.950
0.680
0.510
0.130
0.510
0.310
1.380
2.010
4.080
1.320
3.610
2.700
1.750
0.880
1.080
0.005
0.005
1.130
5.310
1.260
1.220
4.130
2.580
3.310
0.760
0.920
2.920
0.810
0.170
3.430
0.850
4.240
2.630
3.730
4.930
4.680
2.060
0.340
0.820
3.300
0.750
0.940
3.270
7.710
3.510
5.510
1.850
2.750
0.360
2.060
1.150
1.300
0.600
2.800
4.020
3.480
8.750
5.920
1.350
2.960
1.070
0.780
0.070
0.580
0.950
1.400
1.770
4.300
4.320
13.040
1.010
3.750
0.470
0.290
0.450
1.140
0.610
1.350
2.520
2.210
1.610
5.650
3.460
2.290
1.190
2.670
1.740
0.800
0.310
2.040
0.980
1.370
6.420
1.520
3.650
1.900
2.200
1.160
3.960
0.005
1.560
0.900
2.470
4.050
6.080
2.950
1.470
2.110
2.200
0.940
0.010
0.420
0.190
1.320
2.830
2.920
6.130
5.280
3.530
1.070
1.070
1.170
2.260
1.340
0.580
0.260
3.190
4.360
4.510
2.200
4.190
3.770
1.080
1.810
0.100
0.820
0.470
1.450
2.800
3.400
3.950
2.750
1.880
1.120
1.970
2.200
1.200
0.370
1.320
2.940
2.370
4.540
3.430
1.230
1.630
1.470
2.080
1.530
3.400
1.460
0.220
0.320
1.810
4.910
4.860
1.450
2.800
1.920
2.560
0.860
0.960
0.570
1.770
0.490
3.030
1.210
1.830
2.390
2.040
1.700
2.160
0.930
1.560
0.420
1.030
1.560
1.940
2.780
1.570
4.470
2.670
2.080
2.550
1.130
0.520
0.260
0.670
3.560
6.420
5.110
3.480
4.160
2.930
3.710
1.880
0.760
3.270
0.740
0.240
0.600
3.500
1.880
3.040
5.120
2.840
2.580
2.380
1.120
1.500
0.510
0.870
1.220
5.150
3.770
5.090
2.960
5.280
2.500
1.690
4.200
2.610
1.090
2.710
1.530
2.500
5.180
5.220
0.620
4.660
2.150
1.220
0.590
1.250
1.320
0.610
1.760
2.850
5.200
7.330
2.880
3.340
3.820
1.560
1.050
0.410
1.150
1.770
0.630
5.000
4.230
4.240
5.860
4.790
3.180
0.470
1.790
0.240
0.170
0.530
1.750
4.930
2.410
3.290
2.630
2.060
3.400
1.630
1.860
1.450
0.650
0.370
0.680
1.760
0.680
2.730
8.410
2.960
1.490
2.460
1.060
1.730
0.990
0.710
1.830
2.470
4.920
6.490
5.740
3.370
0.830
1.930
1.330
1.490
1.490
2.170
2.310
1.220
6.490
2.360
2.290
4.350
2.480
1.870
1.820
2.400
2.340
0.340
1.090
4.290
5.990
5.320
3.140
1.830
2.890
0.200
0.310
2.910
0.300
1.620
2.990
5.810
2.190
6.570
1.960
2.730
3.760
1.830
0.630
1.490
1.350
0.610
0.470
2.020
1.950
4.220
3.270
2.880
1.050
1.870
1.150
1.260
0.000
0.480
1.760
4.240
6.740
3.770
5.280
2.500
2.010
2.650
1.400
1.360
0.570
1.690
3.680
3.110
4.740
4.620
4.620
2.490
2.680
2.100
2.670
0.740
0.000
2.430
1.180
2.140
4.220
2.200
4.140
5.510
2.840
1.990
2.250
0.840
1.070
0.620
1.100
3.090
2.720
4.330
2.050
1.320
2.390
1.890
1.570
0.780
0.190
3.290
1.520
2.850
5.140
3.340
1.630
2.570
1.460
2.310
1.080
1.310
1.400
1.150
1.630
4.340
4.780
5.920
5.500
2.780
3.840
1.670
1.640
1.910
1.810
1.610
2.960
1.540
3.630
3.650
5.960
4.950
0.440
2.380
1.810
0.600
0.330
2.610
1.500
3.260
4.610
4.290
3.240
1.620
2.790
1.520
1.780
1.210
3.620
0.590
1.190
4.020
3.450
4.820
7.640
3.640
2.400
2.150
1.960
1.090
0.320
0.020
1.000
7.610
1.990
6.080
3.980
3.150
3.570
1.970
1.670
1.620
0.850
1.970
2.620
3.820
4.140
5.170
4.020
0.740
1.990
3.780
1.150
0.590
0.860
0.740
3.660
2.180
2.190
2.840
5.010
2.130
1.650
3.210
0.960
0.430
0.710
0.090
2.380
2.840
3.590
3.190
7.750
3.470
3.220
0.550
1.160
2.490
0.860
0.530
2.530
2.080
5.670
6.900
4.690
4.650
4.000
3.530
0.610
1.590
1.530
1.020
1.710
1.250
2.590
6.160
2.330
1.600
1.760
0.660
1.100
1.600
0.250
0.760
0.950
3.950
5.620
4.560
7.000
3.270
2.500
2.420
1.970
1.050
1.930
0.070
0.260
1.340
4.380
4.800
4.440
3.230
1.130
1.220
1.510
0.950
1.480
3.070
0.580
3.620
5.000
6.490
5.350
4.280
1.670
1.850
1.590
1.350
0.840
2.260
1.000
2.300
1.130
3.120
2.490
1.270
3.130
1.320
2.040
0.290
0.750
1.420
1.750
1.520
3.490
4.080
2.990
2.790
2.420
2.250
1.650
0.780
0.830
1.930
2.210
1.530
3.350
1.880
1.360
2.560
2.990
1.440
1.480
2.890
0.680
0.500
2.300
0.620
5.980
4.460
6.440
6.360
1.970
0.960
0.490
1.150
2.970
0.640
1.260
2.110
2.110
4.420
5.180
1.560
1.930
1.720
2.800
1.080
1.050
0.540
3.030
2.360
5.620
2.510
0.620
1.310
1.130
1.980
1.240
1.600
0.150
0.420
1.160
5.540
2.940
0.600
3.810
3.530
3.050
2.200
2.610
1.230
1.190
0.000
1.440
0.850
6.530
2.210
1.860
2.420
1.730
1.990
1.330
0.450
0.600
0.620
0.200
0.220
1.600
4.050
2.030
1.330
3.390
1.750
3.270
1.010
0.610
0.730
1.320
3.320
4.540
4.050
4.370
2.830
1.410
2.990
0.580
1.930
1.480
0.960
2.720
1.970
4.590
2.460
2.660
0.420
2.040
1.610
3.280
1.700
1.620
0.550
0.730
1.670
1.580
3.170
1.390
2.840
1.460
1.530
0.640
1.510
0.390
0.340
1.390
3.390
4.420
3.710
3.020
3.620
1.630
1.720
0.390
0.850
1.370
2.810
0.550
4.280
8.790
3.650
4.940
3.750
3.600
2.140
2.110
1.880
1.250
0.710
2.140
3.770
2.580
3.290
4.120
1.190
3.170
0.480
2.500
1.510
0.900
0.030
0.220
1.880
8.220
6.160
5.480
3.520
2.940
1.200
2.350
2.270
0.990
1.650
0.290
2.920
4.470
5.480
2.940
2.240
2.110
2.160
3.680
1.010
0.920
1.210
1.970
2.010
2.240
2.830
2.610
1.130
2.960
1.610
0.890
2.080
0.530
1.380
0.730
4.320
3.640
5.820
5.470
2.700
2.490
2.250
1.560
1.050
0.510
0.510
1.110
0.930
1.960
3.000
4.280
1.600
2.210
2.880
0.670
0.850
0.160
0.300
0.940
8.160
6.380
1.790
4.660
1.400
2.200
1.800
1.380
1.500
0.560
1.710
1.140
4.330
3.380
3.020
6.340
1.460
1.110
2.370
1.150
1.100
0.430
0.340
1.530
2.090
9.000
3.550
5.780
2.460
3.910
1.770
1.370
1.180
1.610
0.660
0.910
2.710
2.110
4.290
2.350
2.410
3.140
1.070
1.980
1.640
0.350
2.090
0.490
2.040
5.340
2.530
4.180
1.700
2.820
2.250
3.010
1.500
0.080
1.240
4.120
1.590
3.340
5.450
5.530
2.100
2.880
3.240
3.570
0.350
0.710
0.310
0.710
1.790
3.740
1.700
2.340
4.460
3.490
2.560
0.970
2.620
1.490
0.070
0.090
5.690
3.380
4.370
