0.005
0.000
0.000
0.005
0.000
0.000
0.005
0.005
0.030
0.005
0.000
0.005
0.000
0.005
0.000
0.000
0.005
0.005
0.000
0.000
0.020
0.000
0.010
0.010
0.110
0.020
0.000
0.010
0.000
0.230
0.000
0.005
0.040
0.000
0.010
0.005
0.010
0.000
0.150
0.005
0.000
0.005
0.050
0.005
0.005
0.390
0.005
0.000
0.030
0.000
0.020
0.000
0.010
0.005
0.005
0.110
0.000
0.000
0.000
0.350
0.000
0.000
0.000
0.080
2.260
0.000
0.010
0.000
0.000
0.000
0.790
0.400
0.000
0.000
0.000
0.050
0.000
0.020
0.000
0.000
0.000
0.000
0.000
0.000
0.000
0.000
0.000
0.070
0.000
0.005
0.005
0.000
0.000
0.000
0.005
0.000
0.000
0.000
0.000
0.000
